============================================================================================
   Run | GS_TStart | GS_TStop | RG_TStart | RG_TStop |        k | Norm_Thresh |  SC_Size |      psi
============================================================================================
  1.00 | 6199159283438.00 | 408.01 | 6199638477191.00 | 219.41 |  15.00 |  10.00 | 0.010000 | 0.100000
  2.00 | 6200531319845.00 |  74.06 | 6200637738881.00 |  29.86 |  15.00 |  10.00 | 0.020000 | 0.100000
  3.00 | 6200786630577.00 |  35.13 | 6200842778099.00 |  11.56 |  15.00 |  10.00 | 0.030000 | 0.100000
  4.00 | 6200908253987.00 |  24.37 | 6200954724714.00 |   5.91 |  15.00 |  10.00 | 0.040000 | 0.100000
  5.00 | 6200992073937.00 |  18.47 | 6201032091797.00 |   3.63 |  15.00 |  10.00 | 0.050000 | 0.100000
  6.00 | 6201055368464.00 |  17.39 | 6201093066332.00 |   3.05 |  15.00 |  10.00 | 0.060000 | 0.100000
  7.00 | 6201114659014.00 |  14.22 | 6201149925763.00 |   1.80 |  15.00 |  10.00 | 0.070000 | 0.100000
  8.00 | 6201162890326.00 |  13.93 | 6201201142895.00 |   0.96 |  15.00 |  10.00 | 0.080000 | 0.100000
  9.00 | 6201209628788.00 |  12.96 | 6201243618001.00 |   1.18 |  15.00 |  10.00 | 0.090000 | 0.100000
 10.00 | 6201253385124.00 |  13.39 | 6201287327068.00 |   1.07 |  15.00 |  10.00 | 0.100000 | 0.100000
