============================================================================================
   Run | GS_TStart | GS_TStop | RG_TStart | RG_TStop |        k | Norm_Thresh |  SC_Size |      psi
============================================================================================
  1.00 | 116928364553.00 | 418.95 | 117463339824.00 | 209.60 |   1.00 |  10.00 | 0.010000 | 0.100000
  2.00 | 118338941769.00 | 399.67 | 118854909532.00 | 195.59 |   3.00 |  10.00 | 0.010000 | 0.100000
  3.00 | 119688203527.00 | 416.78 | 120222583151.00 | 207.33 |   5.00 |  10.00 | 0.010000 | 0.100000
  4.00 | 121094693464.00 | 436.21 | 121646653221.00 | 220.37 |   7.00 |  10.00 | 0.010000 | 0.100000
  5.00 | 122563051751.00 | 440.13 | 123114281595.00 | 225.81 |   9.00 |  10.00 | 0.010000 | 0.100000
  6.00 | 124043551520.00 | 451.39 | 124584555745.00 | 240.64 |  11.00 |  10.00 | 0.010000 | 0.100000
  7.00 | 125560280875.00 | 447.83 | 126133295093.00 | 231.25 |  13.00 |  10.00 | 0.010000 | 0.100000
  8.00 | 127059222501.00 | 483.13 | 127608225663.00 | 269.45 |  15.00 |  10.00 | 0.010000 | 0.100000
  9.00 | 128678427622.00 | 493.14 | 129227331875.00 | 279.50 |  17.00 |  10.00 | 0.010000 | 0.100000
 10.00 | 130330104269.00 | 474.44 | 130858662002.00 | 268.58 |  19.00 |  10.00 | 0.010000 | 0.100000
