===========================================================================================================================================================================================================================
      RP |      scs |        k |    theta |      psi | st_1_deg | st_2_deg | st_3_deg | da_1_deg | da_2_deg | da_3_deg | dd_1_deg | dd_2_deg | dd_3_deg | st_1_rad | st_2_rad | st_3_rad | da_1_rad | da_2_rad | da_3_rad | dd_1_rad | dd_2_rad | dd_3_rad | RP_z_deg | RP_z_rad | Tot_z_deg | Tot_z_rad
===========================================================================================================================================================================================================================
1.0000 | 0.0100 | 1.0000 | 10.0000 | 0.1000 | 87.0000 | 278.1701 | 0.5310 | 89.0000 | 89.4125 | 0.0046 | 177.0000 | 8.1701 | 0.4690 | 1.5205 | 4.8616 | 0.5318 | 1.5555 | 1.5627 | 0.0046 | 3.0935 | 0.1428 | 0.4696 | 0.3349 | 0.3353 | 0.5152 | 0.5154
2.0000 | 0.0100 | 1.0000 | 10.0000 | 0.1000 | 4.0000 | 356.5245 | 0.9792 | 89.0000 | 85.0382 | 0.0440 | 94.0000 | 86.5245 | 0.0208 | 0.0699 | 6.2311 | 0.9806 | 1.5555 | 1.4862 | 0.0441 | 1.6429 | 1.5122 | 0.0208 | 0.3480 | 0.3485 | 0.5152 | 0.5154
3.0000 | 0.0100 | 1.0000 | 10.0000 | 0.1000 | 339.0000 | 308.9839 | 0.0834 | 87.0000 | 89.9601 | 0.0329 | 69.0000 | 38.9839 | 0.0834 | 5.9248 | 5.4002 | 0.0835 | 1.5205 | 1.5723 | 0.0329 | 1.2059 | 0.6813 | 0.0835 | 0.0665 | 0.0666 | 0.5152 | 0.5154
4.0000 | 0.0100 | 1.0000 | 10.0000 | 0.1000 | 102.0000 |    NaN | 1.0000 | 86.0000 |    NaN | 1.0000 | 192.0000 |    NaN | 1.0000 | 1.7827 |    NaN | 1.0000 | 1.5030 |    NaN | 1.0000 | 3.3556 |    NaN | 1.0000 | 1.0000 | 1.0000 | 0.5152 | 0.5154
5.0000 | 0.0100 | 1.0000 | 10.0000 | 0.1000 | 350.0000 | 3.6184 | 0.9622 | 89.0000 | 86.7468 | 0.0250 | 80.0000 | 93.6184 | 0.0378 | 6.1170 | 0.0632 | 0.9635 | 1.5555 | 1.5161 | 0.0251 | 1.3982 | 1.6362 | 0.0379 | 0.3417 | 0.3421 | 0.5152 | 0.5154
6.0000 | 0.0100 | 1.0000 | 10.0000 | 0.1000 | 359.0000 |    NaN | 1.0000 | 40.0000 |    NaN | 1.0000 | 89.0000 |    NaN | 1.0000 | 6.2743 |    NaN | 1.0000 | 0.6991 |    NaN | 1.0000 | 1.5555 |    NaN | 1.0000 | 1.0000 | 1.0000 | 0.5152 | 0.5154
1.0000 | 0.0100 | 4.0000 | 10.0000 | 0.1000 | 87.0000 | 280.8103 | 0.5384 | 89.0000 | 88.4242 | 0.0064 | 177.0000 | 10.8103 | 0.4616 | 1.5205 | 4.9078 | 0.5391 | 1.5555 | 1.5454 | 0.0064 | 3.0935 | 0.1889 | 0.4623 | 0.3355 | 0.3359 | 0.2781 | 0.2784
2.0000 | 0.0100 | 4.0000 | 10.0000 | 0.1000 | 4.0000 | 356.4641 | 0.9791 | 89.0000 | 85.2440 | 0.0417 | 94.0000 | 86.4641 | 0.0209 | 0.0699 | 6.2300 | 0.9804 | 1.5555 | 1.4898 | 0.0418 | 1.6429 | 1.5112 | 0.0210 | 0.3472 | 0.3477 | 0.2781 | 0.2784
3.0000 | 0.0100 | 4.0000 | 10.0000 | 0.1000 | 339.0000 | 169.5222 | 0.4708 | 87.0000 | 88.8522 | 0.0206 | 69.0000 | 259.5222 | 0.5292 | 5.9248 | 2.9628 | 0.4714 | 1.5205 | 1.5529 | 0.0206 | 1.2059 | 4.5357 | 0.5300 | 0.3402 | 0.3407 | 0.2781 | 0.2784
4.0000 | 0.0100 | 4.0000 | 10.0000 | 0.1000 | 102.0000 | 225.5867 | 0.3433 | 86.0000 | 88.1689 | 0.0241 | 192.0000 | 315.5867 | 0.3433 | 1.7827 | 3.9426 | 0.3438 | 1.5030 | 1.5409 | 0.0242 | 3.3556 | 5.5156 | 0.3438 | 0.2369 | 0.2372 | 0.2781 | 0.2784
5.0000 | 0.0100 | 4.0000 | 10.0000 | 0.1000 | 350.0000 | 354.1126 | 0.0114 | 89.0000 | 86.0297 | 0.0330 | 80.0000 | 84.1126 | 0.0114 | 6.1170 | 6.1889 | 0.0114 | 1.5555 | 1.5036 | 0.0331 | 1.3982 | 1.4701 | 0.0114 | 0.0186 | 0.0186 | 0.2781 | 0.2784
6.0000 | 0.0100 | 4.0000 | 10.0000 | 0.1000 | 359.0000 | 177.8249 | 0.5033 | 40.0000 | 24.7293 | 0.1697 | 89.0000 | 267.8249 | 0.4967 | 6.2743 | 3.1079 | 0.5039 | 0.6991 | 0.4322 | 0.1699 | 1.5555 | 4.6808 | 0.4974 | 0.3899 | 0.3904 | 0.2781 | 0.2784
1.0000 | 0.0100 | 7.0000 | 10.0000 | 0.1000 | 87.0000 | 280.7982 | 0.5383 | 89.0000 | 88.4344 | 0.0063 | 177.0000 | 10.7982 | 0.4617 | 1.5205 | 4.9076 | 0.5391 | 1.5555 | 1.5456 | 0.0063 | 3.0935 | 0.1887 | 0.4623 | 0.3354 | 0.3359 | 0.4558 | 0.4562
2.0000 | 0.0100 | 7.0000 | 10.0000 | 0.1000 | 4.0000 | 356.3061 | 0.9786 | 89.0000 | 85.1254 | 0.0431 | 94.0000 | 86.3061 | 0.0214 | 0.0699 | 6.2272 | 0.9800 | 1.5555 | 1.4878 | 0.0431 | 1.6429 | 1.5084 | 0.0214 | 0.3477 | 0.3482 | 0.4558 | 0.4562
3.0000 | 0.0100 | 7.0000 | 10.0000 | 0.1000 | 339.0000 | 169.5222 | 0.4708 | 87.0000 | 88.8522 | 0.0206 | 69.0000 | 259.5222 | 0.5292 | 5.9248 | 2.9628 | 0.4714 | 1.5205 | 1.5529 | 0.0206 | 1.2059 | 4.5357 | 0.5300 | 0.3402 | 0.3407 | 0.4558 | 0.4562
4.0000 | 0.0100 | 7.0000 | 10.0000 | 0.1000 | 102.0000 | 251.5855 | 0.4155 | 86.0000 | 88.4448 | 0.0272 | 192.0000 | 341.5855 | 0.4155 | 1.7827 | 4.3970 | 0.4161 | 1.5030 | 1.5458 | 0.0272 | 3.3556 | 5.9700 | 0.4161 | 0.2861 | 0.2865 | 0.4558 | 0.4562
5.0000 | 0.0100 | 7.0000 | 10.0000 | 0.1000 | 350.0000 |    NaN | 1.0000 | 89.0000 |    NaN | 1.0000 | 80.0000 |    NaN | 1.0000 | 6.1170 |    NaN | 1.0000 | 1.5555 |    NaN | 1.0000 | 1.3982 |    NaN | 1.0000 | 1.0000 | 1.0000 | 0.4558 | 0.4562
6.0000 | 0.0100 | 7.0000 | 10.0000 | 0.1000 | 359.0000 | 189.8967 | 0.4697 | 40.0000 | 64.8055 | 0.2756 | 89.0000 | 279.8967 | 0.5303 | 6.2743 | 3.3189 | 0.4704 | 0.6991 | 1.1326 | 0.2760 | 1.5555 | 4.8918 | 0.5310 | 0.4252 | 0.4258 | 0.4558 | 0.4562
1.0000 | 0.0100 | 10.0000 | 10.0000 | 0.1000 | 87.0000 | 280.8870 | 0.5386 | 89.0000 | 88.4547 | 0.0061 | 177.0000 | 10.8870 | 0.4614 | 1.5205 | 4.9091 | 0.5393 | 1.5555 | 1.5459 | 0.0061 | 3.0935 | 0.1903 | 0.4621 | 0.3354 | 0.3358 | 0.4047 | 0.4050
2.0000 | 0.0100 | 10.0000 | 10.0000 | 0.1000 | 4.0000 | 356.6260 | 0.9795 | 89.0000 | 85.1445 | 0.0428 | 94.0000 | 86.6260 | 0.0205 | 0.0699 | 6.2328 | 0.9809 | 1.5555 | 1.4881 | 0.0429 | 1.6429 | 1.5140 | 0.0205 | 0.3476 | 0.3481 | 0.4047 | 0.4050
3.0000 | 0.0100 | 10.0000 | 10.0000 | 0.1000 | 339.0000 | 351.3567 | 0.0343 | 87.0000 | 89.9840 | 0.0332 | 69.0000 | 81.3567 | 0.0343 | 5.9248 | 6.1407 | 0.0344 | 1.5205 | 1.5727 | 0.0332 | 1.2059 | 1.4219 | 0.0344 | 0.0339 | 0.0340 | 0.4047 | 0.4050
4.0000 | 0.0100 | 10.0000 | 10.0000 | 0.1000 | 102.0000 | 251.5855 | 0.4155 | 86.0000 | 88.4448 | 0.0272 | 192.0000 | 341.5855 | 0.4155 | 1.7827 | 4.3970 | 0.4161 | 1.5030 | 1.5458 | 0.0272 | 3.3556 | 5.9700 | 0.4161 | 0.2861 | 0.2865 | 0.4047 | 0.4050
5.0000 | 0.0100 | 10.0000 | 10.0000 | 0.1000 | 350.0000 |    NaN | 1.0000 | 89.0000 |    NaN | 1.0000 | 80.0000 |    NaN | 1.0000 | 6.1170 |    NaN | 1.0000 | 1.5555 |    NaN | 1.0000 | 1.3982 |    NaN | 1.0000 | 1.0000 | 1.0000 | 0.4047 | 0.4050
6.0000 | 0.0100 | 10.0000 | 10.0000 | 0.1000 | 359.0000 | 189.8967 | 0.4697 | 40.0000 | 64.8055 | 0.2756 | 89.0000 | 279.8967 | 0.5303 | 6.2743 | 3.3189 | 0.4704 | 0.6991 | 1.1326 | 0.2760 | 1.5555 | 4.8918 | 0.5310 | 0.4252 | 0.4258 | 0.4047 | 0.4050
1.0000 | 0.0100 | 13.0000 | 10.0000 | 0.1000 | 87.0000 | 280.8847 | 0.5386 | 89.0000 | 89.9490 | 0.0105 | 177.0000 | 10.8847 | 0.4614 | 1.5205 | 4.9091 | 0.5393 | 1.5555 | 1.5721 | 0.0105 | 3.0935 | 0.1902 | 0.4621 | 0.3368 | 0.3373 | 0.3990 | 0.3994
2.0000 | 0.0100 | 13.0000 | 10.0000 | 0.1000 | 4.0000 | 356.6260 | 0.9795 | 89.0000 | 85.1445 | 0.0428 | 94.0000 | 86.6260 | 0.0205 | 0.0699 | 6.2328 | 0.9809 | 1.5555 | 1.4881 | 0.0429 | 1.6429 | 1.5140 | 0.0205 | 0.3476 | 0.3481 | 0.3990 | 0.3994
3.0000 | 0.0100 | 13.0000 | 10.0000 | 0.1000 | 339.0000 | 351.3567 | 0.0343 | 87.0000 | 89.9840 | 0.0332 | 69.0000 | 81.3567 | 0.0343 | 5.9248 | 6.1407 | 0.0344 | 1.5205 | 1.5727 | 0.0332 | 1.2059 | 1.4219 | 0.0344 | 0.0339 | 0.0340 | 0.3990 | 0.3994
4.0000 | 0.0100 | 13.0000 | 10.0000 | 0.1000 | 102.0000 | 251.5855 | 0.4155 | 86.0000 | 88.4448 | 0.0272 | 192.0000 | 341.5855 | 0.4155 | 1.7827 | 4.3970 | 0.4161 | 1.5030 | 1.5458 | 0.0272 | 3.3556 | 5.9700 | 0.4161 | 0.2861 | 0.2865 | 0.3990 | 0.3994
5.0000 | 0.0100 | 13.0000 | 10.0000 | 0.1000 | 350.0000 |    NaN | 1.0000 | 89.0000 |    NaN | 1.0000 | 80.0000 |    NaN | 1.0000 | 6.1170 |    NaN | 1.0000 | 1.5555 |    NaN | 1.0000 | 1.3982 |    NaN | 1.0000 | 1.0000 | 1.0000 | 0.3990 | 0.3994
6.0000 | 0.0100 | 13.0000 | 10.0000 | 0.1000 | 359.0000 | 177.8249 | 0.5033 | 40.0000 | 24.7293 | 0.1697 | 89.0000 | 267.8249 | 0.4967 | 6.2743 | 3.1079 | 0.5039 | 0.6991 | 0.4322 | 0.1699 | 1.5555 | 4.6808 | 0.4974 | 0.3899 | 0.3904 | 0.3990 | 0.3994
1.0000 | 0.0100 | 16.0000 | 10.0000 | 0.1000 | 87.0000 | 280.8864 | 0.5386 | 89.0000 | 89.7963 | 0.0088 | 177.0000 | 10.8864 | 0.4614 | 1.5205 | 4.9091 | 0.5393 | 1.5555 | 1.5694 | 0.0088 | 3.0935 | 0.1903 | 0.4621 | 0.3363 | 0.3367 | 0.5183 | 0.5186
2.0000 | 0.0100 | 16.0000 | 10.0000 | 0.1000 | 4.0000 |    NaN | 1.0000 | 89.0000 |    NaN | 1.0000 | 94.0000 |    NaN | 1.0000 | 0.0699 |    NaN | 1.0000 | 1.5555 |    NaN | 1.0000 | 1.6429 |    NaN | 1.0000 | 1.0000 | 1.0000 | 0.5183 | 0.5186
3.0000 | 0.0100 | 16.0000 | 10.0000 | 0.1000 | 339.0000 | 351.3567 | 0.0343 | 87.0000 | 89.9840 | 0.0332 | 69.0000 | 81.3567 | 0.0343 | 5.9248 | 6.1407 | 0.0344 | 1.5205 | 1.5727 | 0.0332 | 1.2059 | 1.4219 | 0.0344 | 0.0339 | 0.0340 | 0.5183 | 0.5186
4.0000 | 0.0100 | 16.0000 | 10.0000 | 0.1000 | 102.0000 | 263.0963 | 0.4475 | 86.0000 | 85.1581 | 0.0094 | 192.0000 | 353.0963 | 0.4475 | 1.7827 | 4.5982 | 0.4481 | 1.5030 | 1.4883 | 0.0093 | 3.3556 | 6.1711 | 0.4481 | 0.3014 | 0.3018 | 0.5183 | 0.5186
5.0000 | 0.0100 | 16.0000 | 10.0000 | 0.1000 | 350.0000 |    NaN | 1.0000 | 89.0000 |    NaN | 1.0000 | 80.0000 |    NaN | 1.0000 | 6.1170 |    NaN | 1.0000 | 1.5555 |    NaN | 1.0000 | 1.3982 |    NaN | 1.0000 | 1.0000 | 1.0000 | 0.5183 | 0.5186
6.0000 | 0.0100 | 16.0000 | 10.0000 | 0.1000 | 359.0000 | 185.9231 | 0.4808 | 40.0000 | 68.3556 | 0.3151 | 89.0000 | 275.9231 | 0.5192 | 6.2743 | 3.2494 | 0.4814 | 0.6991 | 1.1947 | 0.3155 | 1.5555 | 4.8224 | 0.5199 | 0.4384 | 0.4389 | 0.5183 | 0.5186
1.0000 | 0.0100 | 19.0000 | 10.0000 | 0.1000 | 87.0000 | 280.8841 | 0.5386 | 89.0000 | 89.7909 | 0.0088 | 177.0000 | 10.8841 | 0.4614 | 1.5205 | 4.9091 | 0.5393 | 1.5555 | 1.5693 | 0.0088 | 3.0935 | 0.1902 | 0.4621 | 0.3363 | 0.3367 | 0.5198 | 0.5201
2.0000 | 0.0100 | 19.0000 | 10.0000 | 0.1000 | 4.0000 |    NaN | 1.0000 | 89.0000 |    NaN | 1.0000 | 94.0000 |    NaN | 1.0000 | 0.0699 |    NaN | 1.0000 | 1.5555 |    NaN | 1.0000 | 1.6429 |    NaN | 1.0000 | 1.0000 | 1.0000 | 0.5198 | 0.5201
3.0000 | 0.0100 | 19.0000 | 10.0000 | 0.1000 | 339.0000 | 351.3567 | 0.0343 | 87.0000 | 89.9840 | 0.0332 | 69.0000 | 81.3567 | 0.0343 | 5.9248 | 6.1407 | 0.0344 | 1.5205 | 1.5727 | 0.0332 | 1.2059 | 1.4219 | 0.0344 | 0.0339 | 0.0340 | 0.5198 | 0.5201
4.0000 | 0.0100 | 19.0000 | 10.0000 | 0.1000 | 102.0000 | 263.0963 | 0.4475 | 86.0000 | 85.1581 | 0.0094 | 192.0000 | 353.0963 | 0.4475 | 1.7827 | 4.5982 | 0.4481 | 1.5030 | 1.4883 | 0.0093 | 3.3556 | 6.1711 | 0.4481 | 0.3014 | 0.3018 | 0.5198 | 0.5201
5.0000 | 0.0100 | 19.0000 | 10.0000 | 0.1000 | 350.0000 |    NaN | 1.0000 | 89.0000 |    NaN | 1.0000 | 80.0000 |    NaN | 1.0000 | 6.1170 |    NaN | 1.0000 | 1.5555 |    NaN | 1.0000 | 1.3982 |    NaN | 1.0000 | 1.0000 | 1.0000 | 0.5198 | 0.5201
6.0000 | 0.0100 | 19.0000 | 10.0000 | 0.1000 | 359.0000 | 185.9608 | 0.4807 | 40.0000 | 70.7445 | 0.3416 | 89.0000 | 275.9608 | 0.5193 | 6.2743 | 3.2501 | 0.4813 | 0.6991 | 1.2364 | 0.3421 | 1.5555 | 4.8230 | 0.5200 | 0.4472 | 0.4478 | 0.5198 | 0.5201
1.0000 | 0.0100 | 22.0000 | 10.0000 | 0.1000 | 87.0000 |    NaN | 1.0000 | 89.0000 |    NaN | 1.0000 | 177.0000 |    NaN | 1.0000 | 1.5205 |    NaN | 1.0000 | 1.5555 |    NaN | 1.0000 | 3.0935 |    NaN | 1.0000 | 1.0000 | 1.0000 | 0.5730 | 0.5733
2.0000 | 0.0100 | 22.0000 | 10.0000 | 0.1000 | 4.0000 | 356.5946 | 0.9794 | 89.0000 | 84.8450 | 0.0462 | 94.0000 | 86.5946 | 0.0206 | 0.0699 | 6.2323 | 0.9808 | 1.5555 | 1.4829 | 0.0462 | 1.6429 | 1.5134 | 0.0206 | 0.3487 | 0.3492 | 0.5730 | 0.5733
3.0000 | 0.0100 | 22.0000 | 10.0000 | 0.1000 | 339.0000 | 2.2413 | 0.9354 | 87.0000 | 88.9354 | 0.0215 | 69.0000 | 92.2413 | 0.0646 | 5.9248 | 0.0392 | 0.9367 | 1.5205 | 1.5543 | 0.0215 | 1.2059 | 1.6121 | 0.0647 | 0.3405 | 0.3410 | 0.5730 | 0.5733
4.0000 | 0.0100 | 22.0000 | 10.0000 | 0.1000 | 102.0000 | 263.0963 | 0.4475 | 86.0000 | 85.1581 | 0.0094 | 192.0000 | 353.0963 | 0.4475 | 1.7827 | 4.5982 | 0.4481 | 1.5030 | 1.4883 | 0.0093 | 3.3556 | 6.1711 | 0.4481 | 0.3014 | 0.3018 | 0.5730 | 0.5733
5.0000 | 0.0100 | 22.0000 | 10.0000 | 0.1000 | 350.0000 |    NaN | 1.0000 | 89.0000 |    NaN | 1.0000 | 80.0000 |    NaN | 1.0000 | 6.1170 |    NaN | 1.0000 | 1.5555 |    NaN | 1.0000 | 1.3982 |    NaN | 1.0000 | 1.0000 | 1.0000 | 0.5730 | 0.5733
6.0000 | 0.0100 | 22.0000 | 10.0000 | 0.1000 | 359.0000 | 185.9608 | 0.4807 | 40.0000 | 70.7445 | 0.3416 | 89.0000 | 275.9608 | 0.5193 | 6.2743 | 3.2501 | 0.4813 | 0.6991 | 1.2364 | 0.3421 | 1.5555 | 4.8230 | 0.5200 | 0.4472 | 0.4478 | 0.5730 | 0.5733
1.0000 | 0.0100 | 25.0000 | 10.0000 | 0.1000 | 87.0000 |    NaN | 1.0000 | 89.0000 |    NaN | 1.0000 | 177.0000 |    NaN | 1.0000 | 1.5205 |    NaN | 1.0000 | 1.5555 |    NaN | 1.0000 | 3.0935 |    NaN | 1.0000 | 1.0000 | 1.0000 | 0.5732 | 0.5735
2.0000 | 0.0100 | 25.0000 | 10.0000 | 0.1000 | 4.0000 | 356.5946 | 0.9794 | 89.0000 | 84.8450 | 0.0462 | 94.0000 | 86.5946 | 0.0206 | 0.0699 | 6.2323 | 0.9808 | 1.5555 | 1.4829 | 0.0462 | 1.6429 | 1.5134 | 0.0206 | 0.3487 | 0.3492 | 0.5732 | 0.5735
3.0000 | 0.0100 | 25.0000 | 10.0000 | 0.1000 | 339.0000 | 180.6975 | 0.4397 | 87.0000 | 89.2488 | 0.0250 | 69.0000 | 270.6975 | 0.5603 | 5.9248 | 3.1581 | 0.4403 | 1.5205 | 1.5598 | 0.0250 | 1.2059 | 4.7310 | 0.5610 | 0.3417 | 0.3421 | 0.5732 | 0.5735
4.0000 | 0.0100 | 25.0000 | 10.0000 | 0.1000 | 102.0000 | 263.0963 | 0.4475 | 86.0000 | 85.1581 | 0.0094 | 192.0000 | 353.0963 | 0.4475 | 1.7827 | 4.5982 | 0.4481 | 1.5030 | 1.4883 | 0.0093 | 3.3556 | 6.1711 | 0.4481 | 0.3014 | 0.3018 | 0.5732 | 0.5735
5.0000 | 0.0100 | 25.0000 | 10.0000 | 0.1000 | 350.0000 |    NaN | 1.0000 | 89.0000 |    NaN | 1.0000 | 80.0000 |    NaN | 1.0000 | 6.1170 |    NaN | 1.0000 | 1.5555 |    NaN | 1.0000 | 1.3982 |    NaN | 1.0000 | 1.0000 | 1.0000 | 0.5732 | 0.5735
6.0000 | 0.0100 | 25.0000 | 10.0000 | 0.1000 | 359.0000 | 185.9608 | 0.4807 | 40.0000 | 70.7445 | 0.3416 | 89.0000 | 275.9608 | 0.5193 | 6.2743 | 3.2501 | 0.4813 | 0.6991 | 1.2364 | 0.3421 | 1.5555 | 4.8230 | 0.5200 | 0.4472 | 0.4478 | 0.5732 | 0.5735
1.0000 | 0.0100 | 28.0000 | 10.0000 | 0.1000 | 87.0000 |    NaN | 1.0000 | 89.0000 |    NaN | 1.0000 | 177.0000 |    NaN | 1.0000 | 1.5205 |    NaN | 1.0000 | 1.5555 |    NaN | 1.0000 | 3.0935 |    NaN | 1.0000 | 1.0000 | 1.0000 | 0.7992 | 0.7994
2.0000 | 0.0100 | 28.0000 | 10.0000 | 0.1000 | 4.0000 |    NaN | 1.0000 | 89.0000 |    NaN | 1.0000 | 94.0000 |    NaN | 1.0000 | 0.0699 |    NaN | 1.0000 | 1.5555 |    NaN | 1.0000 | 1.6429 |    NaN | 1.0000 | 1.0000 | 1.0000 | 0.7992 | 0.7994
3.0000 | 0.0100 | 28.0000 | 10.0000 | 0.1000 | 339.0000 |    NaN | 1.0000 | 87.0000 |    NaN | 1.0000 | 69.0000 |    NaN | 1.0000 | 5.9248 |    NaN | 1.0000 | 1.5205 |    NaN | 1.0000 | 1.2059 |    NaN | 1.0000 | 1.0000 | 1.0000 | 0.7992 | 0.7994
4.0000 | 0.0100 | 28.0000 | 10.0000 | 0.1000 | 102.0000 | 270.0000 | 0.4667 | 86.0000 | 90.0000 | 0.0444 | 192.0000 | 0.0000 | 0.5333 | 1.7827 | 4.7188 | 0.4673 | 1.5030 | 1.5730 | 0.0445 | 3.3556 | 0.0000 | 0.5341 | 0.3481 | 0.3486 | 0.7992 | 0.7994
5.0000 | 0.0100 | 28.0000 | 10.0000 | 0.1000 | 350.0000 |    NaN | 1.0000 | 89.0000 |    NaN | 1.0000 | 80.0000 |    NaN | 1.0000 | 6.1170 |    NaN | 1.0000 | 1.5555 |    NaN | 1.0000 | 1.3982 |    NaN | 1.0000 | 1.0000 | 1.0000 | 0.7992 | 0.7994
6.0000 | 0.0100 | 28.0000 | 10.0000 | 0.1000 | 359.0000 | 185.9608 | 0.4807 | 40.0000 | 70.7445 | 0.3416 | 89.0000 | 275.9608 | 0.5193 | 6.2743 | 3.2501 | 0.4813 | 0.6991 | 1.2364 | 0.3421 | 1.5555 | 4.8230 | 0.5200 | 0.4472 | 0.4478 | 0.7992 | 0.7994
