============================================================================================
   Run | GS_TStart | GS_TStop | RG_TStart | RG_TStop |        k | Norm_Thresh |  SC_Size |      psi
============================================================================================
  1.00 | 6251121879511.00 | 397.69 | 6251647894051.00 | 195.27 |   1.00 |  10.00 | 0.010000 | 0.100000
  2.00 | 6252461987875.00 | 382.19 | 6252989044289.00 | 178.71 |   4.00 |  10.00 | 0.010000 | 0.100000
  3.00 | 6253756816957.00 | 391.95 | 6254279800539.00 | 189.36 |   7.00 |  10.00 | 0.010000 | 0.100000
  4.00 | 6255076529802.00 | 404.99 | 6255598104843.00 | 203.05 |  10.00 |  10.00 | 0.010000 | 0.100000
  5.00 | 6256438244009.00 | 417.66 | 6256965907434.00 | 214.86 |  13.00 |  10.00 | 0.010000 | 0.100000
  6.00 | 6257845290041.00 | 437.55 | 6258375561073.00 | 232.37 |  16.00 |  10.00 | 0.010000 | 0.100000
  7.00 | 6259312638001.00 | 460.50 | 6259871110280.00 | 247.44 |  19.00 |  10.00 | 0.010000 | 0.100000
  8.00 | 6260853957917.00 | 481.50 | 6261430904837.00 | 263.26 |  22.00 |  10.00 | 0.010000 | 0.100000
  9.00 | 6262469430958.00 | 500.22 | 6263049996660.00 | 279.41 |  25.00 |  10.00 | 0.010000 | 0.100000
 10.00 | 6264139252994.00 | 517.18 | 6264725090383.00 | 294.80 |  28.00 |  10.00 | 0.010000 | 0.100000
