============================================================================================
   Run | GS_TStart | GS_TStop | RG_TStart | RG_TStop |        k | Norm_Thresh |  SC_Size |      psi
============================================================================================
  1.00 | 6218063215102.00 | 489.82 | 6218559279617.00 | 295.67 |  15.00 |  10.00 | 0.010000 | 0.010000
  2.00 | 6219699701597.00 | 412.92 | 6220197513550.00 | 219.31 |  15.00 |  10.00 | 0.010000 | 0.110000
  3.00 | 6221089482189.00 | 409.79 | 6221585751555.00 | 216.69 |  15.00 |  10.00 | 0.010000 | 0.210000
  4.00 | 6222468861471.00 | 410.08 | 6222960906586.00 | 217.98 |  15.00 |  10.00 | 0.010000 | 0.310000
  5.00 | 6223847170126.00 | 458.35 | 6224345463878.00 | 253.73 |  15.00 |  10.00 | 0.010000 | 0.410000
  6.00 | 6225401149943.00 | 482.01 | 6225998016710.00 | 251.26 |  15.00 |  10.00 | 0.010000 | 0.510000
  7.00 | 6227021655628.00 | 478.04 | 6227608520455.00 | 250.36 |  15.00 |  10.00 | 0.010000 | 0.610000
  8.00 | 6228627268719.00 | 478.98 | 6229213365818.00 | 252.51 |  15.00 |  10.00 | 0.010000 | 0.710000
  9.00 | 6230236421135.00 | 473.62 | 6230833822769.00 | 246.13 |  15.00 |  10.00 | 0.010000 | 0.810000
 10.00 | 6231827080656.00 | 445.54 | 6232378821562.00 | 232.58 |  15.00 |  10.00 | 0.010000 | 0.910000
