============================================================================================
   Run | GS_TStart | GS_TStop | RG_TStart | RG_TStop |        k | Norm_Thresh |  SC_Size |      psi
============================================================================================
  1.00 | 143809156461.00 | 674.44 | 144426409279.00 | 429.62 |  15.00 |  10.00 | 0.010000 | 0.010000
  2.00 | 146060702066.00 | 548.92 | 146768679644.00 | 285.75 |  15.00 |  10.00 | 0.010000 | 0.110000
  3.00 | 147898239087.00 | 524.44 | 148529878918.00 | 284.62 |  15.00 |  10.00 | 0.010000 | 0.210000
  4.00 | 149662014942.00 | 538.41 | 150369261779.00 | 281.99 |  15.00 |  10.00 | 0.010000 | 0.310000
  5.00 | 151455767836.00 | 478.80 | 151999995281.00 | 269.48 |  15.00 |  10.00 | 0.010000 | 0.410000
  6.00 | 153062989743.00 | 522.07 | 153745939795.00 | 269.51 |  15.00 |  10.00 | 0.010000 | 0.510000
  7.00 | 154810001358.00 | 511.63 | 155457628039.00 | 269.93 |  15.00 |  10.00 | 0.010000 | 0.610000
  8.00 | 156523657505.00 | 514.91 | 157184462741.00 | 268.98 |  15.00 |  10.00 | 0.010000 | 0.710000
  9.00 | 158247419650.00 | 528.23 | 158927770024.00 | 275.70 |  15.00 |  10.00 | 0.010000 | 0.810000
 10.00 | 160014519234.00 | 530.93 | 160726044631.00 | 271.89 |  15.00 |  10.00 | 0.010000 | 0.910000
