============================================================================================
   Run | GS_TStart | GS_TStop | RG_TStart | RG_TStop |        k | Norm_Thresh |  SC_Size |      psi
============================================================================================
  1.00 | 6202703770242.00 | 535.75 | 6203179394238.00 | 348.69 |  15.00 |   0.00 | 0.010000 | 0.100000
  2.00 | 6204491716911.00 | 451.58 | 6204963457211.00 | 264.60 |  15.00 |   4.00 | 0.010000 | 0.100000
  3.00 | 6206006918951.00 | 417.63 | 6206485493092.00 | 229.51 |  15.00 |   8.00 | 0.010000 | 0.100000
  4.00 | 6207414007288.00 | 402.65 | 6207888336343.00 | 216.07 |  15.00 |  12.00 | 0.010000 | 0.100000
  5.00 | 6208768233745.00 | 402.95 | 6209244506134.00 | 215.98 |  15.00 |  16.00 | 0.010000 | 0.100000
  6.00 | 6210125026395.00 | 403.07 | 6210603836872.00 | 216.96 |  15.00 |  20.00 | 0.010000 | 0.100000
  7.00 | 6211484310885.00 | 413.01 | 6211963823382.00 | 224.40 |  15.00 |  24.00 | 0.010000 | 0.100000
  8.00 | 6212871148924.00 | 446.47 | 6213355031311.00 | 256.95 |  15.00 |  28.00 | 0.010000 | 0.100000
  9.00 | 6214366449527.00 | 451.33 | 6214861476936.00 | 259.62 |  15.00 |  32.00 | 0.010000 | 0.100000
 10.00 | 6215879565615.00 | 461.00 | 6216383873118.00 | 266.02 |  15.00 |  36.00 | 0.010000 | 0.100000
