===========================================================================================================================================================================================================================
      RP |      scs |        k |    theta |      psi | st_1_deg | st_2_deg | st_3_deg | da_1_deg | da_2_deg | da_3_deg | dd_1_deg | dd_2_deg | dd_3_deg | st_1_rad | st_2_rad | st_3_rad | da_1_rad | da_2_rad | da_3_rad | dd_1_rad | dd_2_rad | dd_3_rad | RP_z_deg | RP_z_rad | Tot_z_deg | Tot_z_rad
===========================================================================================================================================================================================================================
1.0000 | 0.0100 | 15.0000 | 10.0000 | 0.0100 | 87.0000 | 278.7684 | 0.5327 | 89.0000 | 89.5762 | 0.0064 | 177.0000 | 8.7684 | 0.4673 | 1.5205 | 4.8721 | 0.5334 | 1.5555 | 1.5655 | 0.0064 | 3.0935 | 0.1532 | 0.4680 | 0.3355 | 0.3359 | 0.4652 | 0.4654
2.0000 | 0.0100 | 15.0000 | 10.0000 | 0.0100 | 4.0000 | 355.9285 | 0.9776 | 89.0000 | 84.7172 | 0.0476 | 94.0000 | 85.9285 | 0.0224 | 0.0699 | 6.2206 | 0.9789 | 1.5555 | 1.4806 | 0.0477 | 1.6429 | 1.5018 | 0.0225 | 0.3492 | 0.3497 | 0.4652 | 0.4654
3.0000 | 0.0100 | 15.0000 | 10.0000 | 0.0100 | 339.0000 |    NaN | 1.0000 | 87.0000 |    NaN | 1.0000 | 69.0000 |    NaN | 1.0000 | 5.9248 |    NaN | 1.0000 | 1.5205 |    NaN | 1.0000 | 1.2059 |    NaN | 1.0000 | 1.0000 | 1.0000 | 0.4652 | 0.4654
4.0000 | 0.0100 | 15.0000 | 10.0000 | 0.0100 | 102.0000 | 76.0524 | 0.0721 | 86.0000 | 86.7937 | 0.0088 | 192.0000 | 166.0524 | 0.0721 | 1.7827 | 1.3292 | 0.0722 | 1.5030 | 1.5169 | 0.0089 | 3.3556 | 2.9021 | 0.0722 | 0.0510 | 0.0511 | 0.4652 | 0.4654
5.0000 | 0.0100 | 15.0000 | 10.0000 | 0.0100 | 350.0000 | 358.6572 | 0.0240 | 89.0000 | 78.3349 | 0.1185 | 80.0000 | 88.6572 | 0.0240 | 6.1170 | 6.2683 | 0.0241 | 1.5555 | 1.3691 | 0.1187 | 1.3982 | 1.5495 | 0.0241 | 0.0555 | 0.0556 | 0.4652 | 0.4654
6.0000 | 0.0100 | 15.0000 | 10.0000 | 0.0100 | 359.0000 |    NaN | 1.0000 | 40.0000 |    NaN | 1.0000 | 89.0000 |    NaN | 1.0000 | 6.2743 |    NaN | 1.0000 | 0.6991 |    NaN | 1.0000 | 1.5555 |    NaN | 1.0000 | 1.0000 | 1.0000 | 0.4652 | 0.4654
1.0000 | 0.0100 | 15.0000 | 10.0000 | 0.1100 | 87.0000 | 280.8864 | 0.5386 | 89.0000 | 89.7963 | 0.0088 | 177.0000 | 10.8864 | 0.4614 | 1.5205 | 4.9091 | 0.5393 | 1.5555 | 1.5694 | 0.0088 | 3.0935 | 0.1903 | 0.4621 | 0.3363 | 0.3367 | 0.2506 | 0.2509
2.0000 | 0.0100 | 15.0000 | 10.0000 | 0.1100 | 4.0000 | 356.6763 | 0.9797 | 89.0000 | 84.9311 | 0.0452 | 94.0000 | 86.6763 | 0.0203 | 0.0699 | 6.2337 | 0.9810 | 1.5555 | 1.4844 | 0.0453 | 1.6429 | 1.5149 | 0.0204 | 0.3484 | 0.3489 | 0.2506 | 0.2509
3.0000 | 0.0100 | 15.0000 | 10.0000 | 0.1100 | 339.0000 | 351.3567 | 0.0343 | 87.0000 | 89.9840 | 0.0332 | 69.0000 | 81.3567 | 0.0343 | 5.9248 | 6.1407 | 0.0344 | 1.5205 | 1.5727 | 0.0332 | 1.2059 | 1.4219 | 0.0344 | 0.0339 | 0.0340 | 0.2506 | 0.2509
4.0000 | 0.0100 | 15.0000 | 10.0000 | 0.1100 | 102.0000 | 98.0603 | 0.0109 | 86.0000 | 85.2929 | 0.0079 | 192.0000 | 188.0603 | 0.0109 | 1.7827 | 1.7138 | 0.0110 | 1.5030 | 1.4907 | 0.0078 | 3.3556 | 3.2868 | 0.0110 | 0.0099 | 0.0099 | 0.2506 | 0.2509
5.0000 | 0.0100 | 15.0000 | 10.0000 | 0.1100 | 350.0000 | 174.2108 | 0.4883 | 89.0000 | 89.8680 | 0.0096 | 80.0000 | 264.2108 | 0.5117 | 6.1170 | 3.0447 | 0.4890 | 1.5555 | 1.5706 | 0.0096 | 1.3982 | 4.6177 | 0.5124 | 0.3365 | 0.3370 | 0.2506 | 0.2509
6.0000 | 0.0100 | 15.0000 | 10.0000 | 0.1100 | 359.0000 | 185.9231 | 0.4808 | 40.0000 | 68.3556 | 0.3151 | 89.0000 | 275.9231 | 0.5192 | 6.2743 | 3.2494 | 0.4814 | 0.6991 | 1.1947 | 0.3155 | 1.5555 | 4.8224 | 0.5199 | 0.4384 | 0.4389 | 0.2506 | 0.2509
1.0000 | 0.0100 | 15.0000 | 10.0000 | 0.2100 | 87.0000 |    NaN | 1.0000 | 89.0000 |    NaN | 1.0000 | 177.0000 |    NaN | 1.0000 | 1.5205 |    NaN | 1.0000 | 1.5555 |    NaN | 1.0000 | 3.0935 |    NaN | 1.0000 | 1.0000 | 1.0000 | 0.4708 | 0.4710
2.0000 | 0.0100 | 15.0000 | 10.0000 | 0.2100 | 4.0000 |    NaN | 1.0000 | 89.0000 |    NaN | 1.0000 | 94.0000 |    NaN | 1.0000 | 0.0699 |    NaN | 1.0000 | 1.5555 |    NaN | 1.0000 | 1.6429 |    NaN | 1.0000 | 1.0000 | 1.0000 | 0.4708 | 0.4710
3.0000 | 0.0100 | 15.0000 | 10.0000 | 0.2100 | 339.0000 | 356.6471 | 0.0490 | 87.0000 | 88.7754 | 0.0197 | 69.0000 | 86.6471 | 0.0490 | 5.9248 | 6.2332 | 0.0491 | 1.5205 | 1.5515 | 0.0198 | 1.2059 | 1.5144 | 0.0491 | 0.0393 | 0.0393 | 0.4708 | 0.4710
4.0000 | 0.0100 | 15.0000 | 10.0000 | 0.2100 | 102.0000 | 97.3819 | 0.0128 | 86.0000 | 85.3557 | 0.0072 | 192.0000 | 187.3819 | 0.0128 | 1.7827 | 1.7020 | 0.0128 | 1.5030 | 1.4918 | 0.0071 | 3.3556 | 3.2749 | 0.0128 | 0.0109 | 0.0109 | 0.4708 | 0.4710
5.0000 | 0.0100 | 15.0000 | 10.0000 | 0.2100 | 350.0000 | 174.0937 | 0.4886 | 89.0000 | 89.8665 | 0.0096 | 80.0000 | 264.0937 | 0.5114 | 6.1170 | 3.0427 | 0.4893 | 1.5555 | 1.5706 | 0.0096 | 1.3982 | 4.6156 | 0.5121 | 0.3365 | 0.3370 | 0.4708 | 0.4710
6.0000 | 0.0100 | 15.0000 | 10.0000 | 0.2100 | 359.0000 | 185.9231 | 0.4808 | 40.0000 | 68.3556 | 0.3151 | 89.0000 | 275.9231 | 0.5192 | 6.2743 | 3.2494 | 0.4814 | 0.6991 | 1.1947 | 0.3155 | 1.5555 | 4.8224 | 0.5199 | 0.4384 | 0.4389 | 0.4708 | 0.4710
1.0000 | 0.0100 | 15.0000 | 10.0000 | 0.3100 | 87.0000 |    NaN | 1.0000 | 89.0000 |    NaN | 1.0000 | 177.0000 |    NaN | 1.0000 | 1.5205 |    NaN | 1.0000 | 1.5555 |    NaN | 1.0000 | 3.0935 |    NaN | 1.0000 | 1.0000 | 1.0000 | 0.6309 | 0.6310
2.0000 | 0.0100 | 15.0000 | 10.0000 | 0.3100 | 4.0000 |    NaN | 1.0000 | 89.0000 |    NaN | 1.0000 | 94.0000 |    NaN | 1.0000 | 0.0699 |    NaN | 1.0000 | 1.5555 |    NaN | 1.0000 | 1.6429 |    NaN | 1.0000 | 1.0000 | 1.0000 | 0.6309 | 0.6310
3.0000 | 0.0100 | 15.0000 | 10.0000 | 0.3100 | 339.0000 |    NaN | 1.0000 | 87.0000 |    NaN | 1.0000 | 69.0000 |    NaN | 1.0000 | 5.9248 |    NaN | 1.0000 | 1.5205 |    NaN | 1.0000 | 1.2059 |    NaN | 1.0000 | 1.0000 | 1.0000 | 0.6309 | 0.6310
4.0000 | 0.0100 | 15.0000 | 10.0000 | 0.3100 | 102.0000 | 97.3819 | 0.0128 | 86.0000 | 85.3557 | 0.0072 | 192.0000 | 187.3819 | 0.0128 | 1.7827 | 1.7020 | 0.0128 | 1.5030 | 1.4918 | 0.0071 | 3.3556 | 3.2749 | 0.0128 | 0.0109 | 0.0109 | 0.6309 | 0.6310
5.0000 | 0.0100 | 15.0000 | 10.0000 | 0.3100 | 350.0000 | 173.7725 | 0.4895 | 89.0000 | 89.7047 | 0.0078 | 80.0000 | 263.7725 | 0.5105 | 6.1170 | 3.0371 | 0.4902 | 1.5555 | 1.5678 | 0.0078 | 1.3982 | 4.6100 | 0.5112 | 0.3359 | 0.3364 | 0.6309 | 0.6310
6.0000 | 0.0100 | 15.0000 | 10.0000 | 0.3100 | 359.0000 | 185.9231 | 0.4808 | 40.0000 | 68.3556 | 0.3151 | 89.0000 | 275.9231 | 0.5192 | 6.2743 | 3.2494 | 0.4814 | 0.6991 | 1.1947 | 0.3155 | 1.5555 | 4.8224 | 0.5199 | 0.4384 | 0.4389 | 0.6309 | 0.6310
1.0000 | 0.0100 | 15.0000 | 10.0000 | 0.4100 | 87.0000 |    NaN | 1.0000 | 89.0000 |    NaN | 1.0000 | 177.0000 |    NaN | 1.0000 | 1.5205 |    NaN | 1.0000 | 1.5555 |    NaN | 1.0000 | 3.0935 |    NaN | 1.0000 | 1.0000 | 1.0000 | 0.8351 | 0.8351
2.0000 | 0.0100 | 15.0000 | 10.0000 | 0.4100 | 4.0000 |    NaN | 1.0000 | 89.0000 |    NaN | 1.0000 | 94.0000 |    NaN | 1.0000 | 0.0699 |    NaN | 1.0000 | 1.5555 |    NaN | 1.0000 | 1.6429 |    NaN | 1.0000 | 1.0000 | 1.0000 | 0.8351 | 0.8351
3.0000 | 0.0100 | 15.0000 | 10.0000 | 0.4100 | 339.0000 |    NaN | 1.0000 | 87.0000 |    NaN | 1.0000 | 69.0000 |    NaN | 1.0000 | 5.9248 |    NaN | 1.0000 | 1.5205 |    NaN | 1.0000 | 1.2059 |    NaN | 1.0000 | 1.0000 | 1.0000 | 0.8351 | 0.8351
4.0000 | 0.0100 | 15.0000 | 10.0000 | 0.4100 | 102.0000 | 97.3819 | 0.0128 | 86.0000 | 85.3557 | 0.0072 | 192.0000 | 187.3819 | 0.0128 | 1.7827 | 1.7020 | 0.0128 | 1.5030 | 1.4918 | 0.0071 | 3.3556 | 3.2749 | 0.0128 | 0.0109 | 0.0109 | 0.8351 | 0.8351
5.0000 | 0.0100 | 15.0000 | 10.0000 | 0.4100 | 350.0000 |    NaN | 1.0000 | 89.0000 |    NaN | 1.0000 | 80.0000 |    NaN | 1.0000 | 6.1170 |    NaN | 1.0000 | 1.5555 |    NaN | 1.0000 | 1.3982 |    NaN | 1.0000 | 1.0000 | 1.0000 | 0.8351 | 0.8351
6.0000 | 0.0100 | 15.0000 | 10.0000 | 0.4100 | 359.0000 |    NaN | 1.0000 | 40.0000 |    NaN | 1.0000 | 89.0000 |    NaN | 1.0000 | 6.2743 |    NaN | 1.0000 | 0.6991 |    NaN | 1.0000 | 1.5555 |    NaN | 1.0000 | 1.0000 | 1.0000 | 0.8351 | 0.8351
1.0000 | 0.0100 | 15.0000 | 10.0000 | 0.5100 | 87.0000 |    NaN | 1.0000 | 89.0000 |    NaN | 1.0000 | 177.0000 |    NaN | 1.0000 | 1.5205 |    NaN | 1.0000 | 1.5555 |    NaN | 1.0000 | 3.0935 |    NaN | 1.0000 | 1.0000 | 1.0000 | 0.8836 | 0.8836
2.0000 | 0.0100 | 15.0000 | 10.0000 | 0.5100 | 4.0000 |    NaN | 1.0000 | 89.0000 |    NaN | 1.0000 | 94.0000 |    NaN | 1.0000 | 0.0699 |    NaN | 1.0000 | 1.5555 |    NaN | 1.0000 | 1.6429 |    NaN | 1.0000 | 1.0000 | 1.0000 | 0.8836 | 0.8836
3.0000 | 0.0100 | 15.0000 | 10.0000 | 0.5100 | 339.0000 |    NaN | 1.0000 | 87.0000 |    NaN | 1.0000 | 69.0000 |    NaN | 1.0000 | 5.9248 |    NaN | 1.0000 | 1.5205 |    NaN | 1.0000 | 1.2059 |    NaN | 1.0000 | 1.0000 | 1.0000 | 0.8836 | 0.8836
4.0000 | 0.0100 | 15.0000 | 10.0000 | 0.5100 | 102.0000 | 261.3223 | 0.4426 | 86.0000 | 87.7119 | 0.0190 | 192.0000 | 351.3223 | 0.4426 | 1.7827 | 4.5672 | 0.4432 | 1.5030 | 1.5330 | 0.0191 | 3.3556 | 6.1401 | 0.4432 | 0.3014 | 0.3018 | 0.8836 | 0.8836
5.0000 | 0.0100 | 15.0000 | 10.0000 | 0.5100 | 350.0000 |    NaN | 1.0000 | 89.0000 |    NaN | 1.0000 | 80.0000 |    NaN | 1.0000 | 6.1170 |    NaN | 1.0000 | 1.5555 |    NaN | 1.0000 | 1.3982 |    NaN | 1.0000 | 1.0000 | 1.0000 | 0.8836 | 0.8836
6.0000 | 0.0100 | 15.0000 | 10.0000 | 0.5100 | 359.0000 |    NaN | 1.0000 | 40.0000 |    NaN | 1.0000 | 89.0000 |    NaN | 1.0000 | 6.2743 |    NaN | 1.0000 | 0.6991 |    NaN | 1.0000 | 1.5555 |    NaN | 1.0000 | 1.0000 | 1.0000 | 0.8836 | 0.8836
1.0000 | 0.0100 | 15.0000 | 10.0000 | 0.6100 | 87.0000 |    NaN | 1.0000 | 89.0000 |    NaN | 1.0000 | 177.0000 |    NaN | 1.0000 | 1.5205 |    NaN | 1.0000 | 1.5555 |    NaN | 1.0000 | 3.0935 |    NaN | 1.0000 | 1.0000 | 1.0000 | 0.8836 | 0.8836
2.0000 | 0.0100 | 15.0000 | 10.0000 | 0.6100 | 4.0000 |    NaN | 1.0000 | 89.0000 |    NaN | 1.0000 | 94.0000 |    NaN | 1.0000 | 0.0699 |    NaN | 1.0000 | 1.5555 |    NaN | 1.0000 | 1.6429 |    NaN | 1.0000 | 1.0000 | 1.0000 | 0.8836 | 0.8836
3.0000 | 0.0100 | 15.0000 | 10.0000 | 0.6100 | 339.0000 |    NaN | 1.0000 | 87.0000 |    NaN | 1.0000 | 69.0000 |    NaN | 1.0000 | 5.9248 |    NaN | 1.0000 | 1.5205 |    NaN | 1.0000 | 1.2059 |    NaN | 1.0000 | 1.0000 | 1.0000 | 0.8836 | 0.8836
4.0000 | 0.0100 | 15.0000 | 10.0000 | 0.6100 | 102.0000 | 261.3223 | 0.4426 | 86.0000 | 87.7119 | 0.0190 | 192.0000 | 351.3223 | 0.4426 | 1.7827 | 4.5672 | 0.4432 | 1.5030 | 1.5330 | 0.0191 | 3.3556 | 6.1401 | 0.4432 | 0.3014 | 0.3018 | 0.8836 | 0.8836
5.0000 | 0.0100 | 15.0000 | 10.0000 | 0.6100 | 350.0000 |    NaN | 1.0000 | 89.0000 |    NaN | 1.0000 | 80.0000 |    NaN | 1.0000 | 6.1170 |    NaN | 1.0000 | 1.5555 |    NaN | 1.0000 | 1.3982 |    NaN | 1.0000 | 1.0000 | 1.0000 | 0.8836 | 0.8836
6.0000 | 0.0100 | 15.0000 | 10.0000 | 0.6100 | 359.0000 |    NaN | 1.0000 | 40.0000 |    NaN | 1.0000 | 89.0000 |    NaN | 1.0000 | 6.2743 |    NaN | 1.0000 | 0.6991 |    NaN | 1.0000 | 1.5555 |    NaN | 1.0000 | 1.0000 | 1.0000 | 0.8836 | 0.8836
1.0000 | 0.0100 | 15.0000 | 10.0000 | 0.7100 | 87.0000 |    NaN | 1.0000 | 89.0000 |    NaN | 1.0000 | 177.0000 |    NaN | 1.0000 | 1.5205 |    NaN | 1.0000 | 1.5555 |    NaN | 1.0000 | 3.0935 |    NaN | 1.0000 | 1.0000 | 1.0000 | 0.8829 | 0.8830
2.0000 | 0.0100 | 15.0000 | 10.0000 | 0.7100 | 4.0000 |    NaN | 1.0000 | 89.0000 |    NaN | 1.0000 | 94.0000 |    NaN | 1.0000 | 0.0699 |    NaN | 1.0000 | 1.5555 |    NaN | 1.0000 | 1.6429 |    NaN | 1.0000 | 1.0000 | 1.0000 | 0.8829 | 0.8830
3.0000 | 0.0100 | 15.0000 | 10.0000 | 0.7100 | 339.0000 |    NaN | 1.0000 | 87.0000 |    NaN | 1.0000 | 69.0000 |    NaN | 1.0000 | 5.9248 |    NaN | 1.0000 | 1.5205 |    NaN | 1.0000 | 1.2059 |    NaN | 1.0000 | 1.0000 | 1.0000 | 0.8829 | 0.8830
4.0000 | 0.0100 | 15.0000 | 10.0000 | 0.7100 | 102.0000 | 259.4093 | 0.4372 | 86.0000 | 87.5568 | 0.0173 | 192.0000 | 349.4093 | 0.4372 | 1.7827 | 4.5338 | 0.4378 | 1.5030 | 1.5302 | 0.0173 | 3.3556 | 6.1067 | 0.4379 | 0.2973 | 0.2977 | 0.8829 | 0.8830
5.0000 | 0.0100 | 15.0000 | 10.0000 | 0.7100 | 350.0000 |    NaN | 1.0000 | 89.0000 |    NaN | 1.0000 | 80.0000 |    NaN | 1.0000 | 6.1170 |    NaN | 1.0000 | 1.5555 |    NaN | 1.0000 | 1.3982 |    NaN | 1.0000 | 1.0000 | 1.0000 | 0.8829 | 0.8830
6.0000 | 0.0100 | 15.0000 | 10.0000 | 0.7100 | 359.0000 |    NaN | 1.0000 | 40.0000 |    NaN | 1.0000 | 89.0000 |    NaN | 1.0000 | 6.2743 |    NaN | 1.0000 | 0.6991 |    NaN | 1.0000 | 1.5555 |    NaN | 1.0000 | 1.0000 | 1.0000 | 0.8829 | 0.8830
1.0000 | 0.0100 | 15.0000 | 10.0000 | 0.8100 | 87.0000 |    NaN | 1.0000 | 89.0000 |    NaN | 1.0000 | 177.0000 |    NaN | 1.0000 | 1.5205 |    NaN | 1.0000 | 1.5555 |    NaN | 1.0000 | 3.0935 |    NaN | 1.0000 | 1.0000 | 1.0000 | 0.7738 | 0.7739
2.0000 | 0.0100 | 15.0000 | 10.0000 | 0.8100 | 4.0000 |    NaN | 1.0000 | 89.0000 |    NaN | 1.0000 | 94.0000 |    NaN | 1.0000 | 0.0699 |    NaN | 1.0000 | 1.5555 |    NaN | 1.0000 | 1.6429 |    NaN | 1.0000 | 1.0000 | 1.0000 | 0.7738 | 0.7739
3.0000 | 0.0100 | 15.0000 | 10.0000 | 0.8100 | 339.0000 | 5.9013 | 0.9253 | 87.0000 | 83.5428 | 0.0384 | 69.0000 | 95.9013 | 0.0747 | 5.9248 | 0.1031 | 0.9265 | 1.5205 | 1.4601 | 0.0385 | 1.2059 | 1.6761 | 0.0748 | 0.3461 | 0.3466 | 0.7738 | 0.7739
4.0000 | 0.0100 | 15.0000 | 10.0000 | 0.8100 | 102.0000 | 259.8746 | 0.4385 | 86.0000 | 87.0882 | 0.0121 | 192.0000 | 349.8746 | 0.4385 | 1.7827 | 4.5419 | 0.4391 | 1.5030 | 1.5221 | 0.0121 | 3.3556 | 6.1148 | 0.4391 | 0.2964 | 0.2968 | 0.7738 | 0.7739
5.0000 | 0.0100 | 15.0000 | 10.0000 | 0.8100 | 350.0000 |    NaN | 1.0000 | 89.0000 |    NaN | 1.0000 | 80.0000 |    NaN | 1.0000 | 6.1170 |    NaN | 1.0000 | 1.5555 |    NaN | 1.0000 | 1.3982 |    NaN | 1.0000 | 1.0000 | 1.0000 | 0.7738 | 0.7739
6.0000 | 0.0100 | 15.0000 | 10.0000 | 0.8100 | 359.0000 |    NaN | 1.0000 | 40.0000 |    NaN | 1.0000 | 89.0000 |    NaN | 1.0000 | 6.2743 |    NaN | 1.0000 | 0.6991 |    NaN | 1.0000 | 1.5555 |    NaN | 1.0000 | 1.0000 | 1.0000 | 0.7738 | 0.7739
1.0000 | 0.0100 | 15.0000 | 10.0000 | 0.9100 | 87.0000 |    NaN | 1.0000 | 89.0000 |    NaN | 1.0000 | 177.0000 |    NaN | 1.0000 | 1.5205 |    NaN | 1.0000 | 1.5555 |    NaN | 1.0000 | 3.0935 |    NaN | 1.0000 | 1.0000 | 1.0000 | 0.8624 | 0.8625
2.0000 | 0.0100 | 15.0000 | 10.0000 | 0.9100 | 4.0000 |    NaN | 1.0000 | 89.0000 |    NaN | 1.0000 | 94.0000 |    NaN | 1.0000 | 0.0699 |    NaN | 1.0000 | 1.5555 |    NaN | 1.0000 | 1.6429 |    NaN | 1.0000 | 1.0000 | 1.0000 | 0.8624 | 0.8625
3.0000 | 0.0100 | 15.0000 | 10.0000 | 0.9100 | 339.0000 |    NaN | 1.0000 | 87.0000 |    NaN | 1.0000 | 69.0000 |    NaN | 1.0000 | 5.9248 |    NaN | 1.0000 | 1.5205 |    NaN | 1.0000 | 1.2059 |    NaN | 1.0000 | 1.0000 | 1.0000 | 0.8624 | 0.8625
4.0000 | 0.0100 | 15.0000 | 10.0000 | 0.9100 | 102.0000 | 194.4701 | 0.2569 | 86.0000 | 85.0575 | 0.0105 | 192.0000 | 284.4701 | 0.2569 | 1.7827 | 3.3988 | 0.2572 | 1.5030 | 1.4866 | 0.0105 | 3.3556 | 4.9717 | 0.2572 | 0.1747 | 0.1750 | 0.8624 | 0.8625
5.0000 | 0.0100 | 15.0000 | 10.0000 | 0.9100 | 350.0000 |    NaN | 1.0000 | 89.0000 |    NaN | 1.0000 | 80.0000 |    NaN | 1.0000 | 6.1170 |    NaN | 1.0000 | 1.5555 |    NaN | 1.0000 | 1.3982 |    NaN | 1.0000 | 1.0000 | 1.0000 | 0.8624 | 0.8625
6.0000 | 0.0100 | 15.0000 | 10.0000 | 0.9100 | 359.0000 |    NaN | 1.0000 | 40.0000 |    NaN | 1.0000 | 89.0000 |    NaN | 1.0000 | 6.2743 |    NaN | 1.0000 | 0.6991 |    NaN | 1.0000 | 1.5555 |    NaN | 1.0000 | 1.0000 | 1.0000 | 0.8624 | 0.8625
